SDEF PAR=2 POS=d1 ERG FPOS d2
SI1 L 277.391 2086.437 1241.0 -1107.091 1720.756 1241.0 -953.078 1537.211 1378.307 
SP1 0.17 0.33 0.50 $ rel strengths of sources
DS2 S 3 4 5 $ energy distributions
SI3 L 2000.2000200020002 2400.2400240024 8400.8400840084 8800.8800880088 31603.1603160316 &
32003.200320032003 42404.2404240424 42804.2804280428 57605.760576057604 58005.800580058 &
59205.9205920592 59605.9605960596 65606.5606560656 66006.600660066 66806.68066806681 &
67206.7206720672 67606.7606760676 68006.800680068 68806.8806880688 69206.92069206921 &
84408.4408440844 84808.4808480848 100010.0010001 100410.0410041004 110011.00110011 &
110411.04110411041 113611.3611361136 114011.401140114 116411.6411641164 116811.6811681168 &
121212.1212121212 121612.1612161216 152415.2415241524 152815.28152815282 156015.601560156 &
156415.6415641564 179217.9217921792 179617.96179617962 198019.801980198 198419.8419841984 &
222022.202220222 222422.2422242224 229222.9222922292 229622.9622962296 264026.402640264 &
264426.44264426443 350835.0835083508 351235.1235123512 829682.9682968296 830083.00830083 &
891689.1689168917 892089.2089208921 927692.7692769277 928092.809280928 959695.9695969597 &
960096.0096009601 1001300.1300130013 1001700.1700170017 1035303.5303530352 1035703.5703570356 &
1044104.410441044 1044504.4504450444 1113311.3311331132 1113711.3711371135 1120912.0912091208 &
1121312.1312131213 1135713.5713571357 1136113.611361136 1157315.7315731572 1157715.7715771575 &
1157715.7715771575 1158115.811581158 1180518.0518051805 1180918.0918091808 1188918.891889189 &
1189318.9318931892 1221322.1322132212 1221722.1722172217 1223722.3722372237 1224122.412241224 &
1230923.092309231 1231323.1323132312 1257325.7325732573 1257725.7725772576 1273727.3727372736 &
1274127.412741274 1288928.892889289 1289328.9328932893 1342534.2534253425 1342934.2934293428 &
1373737.3737373736 1374137.4137413742 1387338.7338733873 1387738.7738773876 1409740.9740974098 &
1410141.01410141 1452945.294529453 1453345.3345334532 
SP3 9.8461048649184e-07 9.8461048649184e-07 1.00787511583395e-05 1.00787511583395e-05 &
2.0185689813780343e-07 2.0185689813780343e-07 1.1617623012716287e-07 1.1617623012716287e-07 &
4.5108114268698e-06 4.5108114268698e-06 7.8312779993799e-06 7.8312779993799e-06 &
1.2198499022553145e-06 1.2198499022553145e-06 2.64698010620082e-06 2.64698010620082e-06 &
1.7135996514156e-05 1.7135996514156e-05 6.734906634280501e-07 6.734906634280501e-07 &
1.1036747002879425e-06 1.1036747002879425e-06 5.92499356272412e-06 5.92499356272412e-06 &
3.630500765475147e-08 3.630500765475147e-08 8.132332681702098e-07 8.132332681702098e-07 &
1.8007361936900834e-07 1.8007361936900834e-07 1.0165415852127622e-09 1.0165415852127622e-09 &
3.107715783821275e-06 3.107715783821275e-06 1.1240048465523374e-06 1.1240048465523374e-06 &
1.3215057743762425e-06 1.3215057743762425e-06 5.968553265863106e-07 5.968553265863106e-07 &
3.1222299728687655e-06 3.1222299728687655e-06 1.5393351348648905e-06 1.5393351348648905e-06 &
1.4725338796537562e-06 1.4725338796537562e-06 5.2279354965212835e-09 5.2279354965212835e-09 &
5.518373501439713e-09 5.518373501439713e-09 2.3235211753439542e-08 2.3235211753439542e-08 &
2.5268397739844153e-07 2.5268397739844153e-07 1.423158219297867e-07 1.423158219297867e-07 &
8.538952742986505e-07 8.538952742986505e-07 1.4522037333893615e-09 1.4522037333893615e-09 &
9.148874266914861e-08 9.148874266914861e-08 1.7716906795985887e-07 1.7716906795985887e-07 &
1.4522037333893617e-05 1.4522037333893617e-05 1.4522037333893615e-09 1.4522037333893615e-09 &
2.4687487458014264e-07 2.4687487458014264e-07 1.7426451655070943e-07 1.7426451655070943e-07 &
3.194852326095759e-08 3.194852326095759e-08 6.770175182795323e-06 6.770175182795323e-06 &
1.1269093979614865e-05 1.1269093979614865e-05 9.003663832453902e-08 9.003663832453902e-08 &
4.74579709859899e-06 4.74579709859899e-06 6.171854728507052e-07 6.171854728507052e-07 &
2.7156270475808723e-07 2.7156270475808723e-07 5.649069746853181e-07 5.649069746853181e-07 &
1.0601081427503525e-07 1.0601081427503525e-07 9.148874266914861e-08 9.148874266914861e-08 &
2.9479740243163135e-08 2.9479740243163135e-08 1.626468249940071e-08 1.626468249940071e-08 &
1.2198499022553147e-08 1.2198499022553147e-08 
SI4 L 2000.2000200020002 2400.2400240024 8400.8400840084 8800.8800880088 31603.1603160316 &
32003.200320032003 42404.2404240424 42804.2804280428 57605.760576057604 58005.800580058 &
59205.9205920592 59605.9605960596 65606.5606560656 66006.600660066 66806.68066806681 &
67206.7206720672 67606.7606760676 68006.800680068 68806.8806880688 69206.92069206921 &
84408.4408440844 84808.4808480848 100010.0010001 100410.0410041004 110011.00110011 &
110411.04110411041 113611.3611361136 114011.401140114 116411.6411641164 116811.6811681168 &
121212.1212121212 121612.1612161216 152415.2415241524 152815.28152815282 156015.601560156 &
156415.6415641564 179217.9217921792 179617.96179617962 198019.801980198 198419.8419841984 &
222022.202220222 222422.2422242224 229222.9222922292 229622.9622962296 264026.402640264 &
264426.44264426443 350835.0835083508 351235.1235123512 829682.9682968296 830083.00830083 &
891689.1689168917 892089.2089208921 927692.7692769277 928092.809280928 959695.9695969597 &
960096.0096009601 1001300.1300130013 1001700.1700170017 1035303.5303530352 1035703.5703570356 &
1044104.410441044 1044504.4504450444 1113311.3311331132 1113711.3711371135 1120912.0912091208 &
1121312.1312131213 1135713.5713571357 1136113.611361136 1157315.7315731572 1157715.7715771575 &
1157715.7715771575 1158115.811581158 1180518.0518051805 1180918.0918091808 1188918.891889189 &
1189318.9318931892 1221322.1322132212 1221722.1722172217 1223722.3722372237 1224122.412241224 &
1230923.092309231 1231323.1323132312 1257325.7325732573 1257725.7725772576 1273727.3727372736 &
1274127.412741274 1288928.892889289 1289328.9328932893 1342534.2534253425 1342934.2934293428 &
1373737.3737373736 1374137.4137413742 1387338.7338733873 1387738.7738773876 1409740.9740974098 &
1410141.01410141 1452945.294529453 1453345.3345334532 
SP4 2.568547808e-06 2.568547808e-06 2.6292381149999998e-05 2.6292381149999998e-05 &
5.265829486428399e-07 5.265829486428399e-07 3.0306827453975196e-07 3.0306827453975196e-07 &
1.176732826e-05 1.176732826e-05 2.042941063e-05 2.042941063e-05 3.1822155415900797e-06 &
3.1822155415900797e-06 6.905162034e-06 6.905162034e-06 4.4702577199999995e-05 &
4.4702577199999995e-05 1.7569312850000002e-06 1.7569312850000002e-06 2.87914994920496e-06 &
2.87914994920496e-06 1.5456497200403596e-05 1.5456497200403596e-05 9.470866815900801e-08 &
9.470866815900801e-08 2.12147702772672e-06 2.12147702772672e-06 4.697570325062e-07 &
4.697570325062e-07 2.6518462846583996e-09 2.6518462846583996e-09 8.107080590683199e-06 &
8.107080590683199e-06 2.93218508679504e-06 2.93218508679504e-06 3.44740464031364e-06 &
3.44740464031364e-06 1.5570131151646e-06 1.5570131151646e-06 8.144943673571599e-06 &
8.144943673571599e-06 4.0156548611646e-06 4.0156548611646e-06 3.84139080446584e-06 &
3.84139080446584e-06 1.3638085765061999e-08 1.3638085765061999e-08 1.4395749746024797e-08 &
1.4395749746024797e-08 6.061356550279599e-08 6.061356550279599e-08 6.591752628757599e-07 &
6.591752628757599e-07 3.7125847985217596e-07 3.7125847985217596e-07 2.2275517731645996e-06 &
2.2275517731645996e-06 3.78835566687576e-09 3.78835566687576e-09 2.38666165619256e-07 &
2.38666165619256e-07 4.6217994567079995e-07 4.6217994567079995e-07 3.78835566687576e-05 &
3.78835566687576e-05 3.78835566687576e-09 3.78835566687576e-09 6.4402108920496e-07 &
6.4402108920496e-07 4.5460285883539995e-07 4.5460285883539995e-07 8.334393195745199e-08 &
8.334393195745199e-08 1.7661317713061998e-05 1.7661317713061998e-05 2.9397621736304394e-05 &
2.9397621736304394e-05 2.3487806922732798e-07 2.3487806922732798e-07 1.2380334052962799e-05 &
1.2380334052962799e-05 1.6100482527546796e-06 1.6100482527546796e-06 7.084240921769999e-07 &
7.084240921769999e-07 1.4736696302329198e-06 1.4736696302329198e-06 2.7654981169316796e-07 &
2.7654981169316796e-07 2.38666165619256e-07 2.38666165619256e-07 7.690363166024799e-08 &
7.690363166024799e-08 4.24295852571116e-08 4.24295852571116e-08 3.18221554159008e-08 &
3.18221554159008e-08 
SI5 L 2000.2000200020002 2400.2400240024 8400.8400840084 8800.8800880088 31603.1603160316 &
32003.200320032003 42404.2404240424 42804.2804280428 57605.760576057604 58005.800580058 &
59205.9205920592 59605.9605960596 65606.5606560656 66006.600660066 66806.68066806681 &
67206.7206720672 67606.7606760676 68006.800680068 68806.8806880688 69206.92069206921 &
84408.4408440844 84808.4808480848 100010.0010001 100410.0410041004 110011.00110011 &
110411.04110411041 113611.3611361136 114011.401140114 116411.6411641164 116811.6811681168 &
121212.1212121212 121612.1612161216 152415.2415241524 152815.28152815282 156015.601560156 &
156415.6415641564 179217.9217921792 179617.96179617962 198019.801980198 198419.8419841984 &
222022.202220222 222422.2422242224 229222.9222922292 229622.9622962296 264026.402640264 &
264426.44264426443 350835.0835083508 351235.1235123512 829682.9682968296 830083.00830083 &
891689.1689168917 892089.2089208921 927692.7692769277 928092.809280928 959695.9695969597 &
960096.0096009601 1001300.1300130013 1001700.1700170017 1035303.5303530352 1035703.5703570356 &
1044104.410441044 1044504.4504450444 1113311.3311331132 1113711.3711371135 1120912.0912091208 &
1121312.1312131213 1135713.5713571357 1136113.611361136 1157315.7315731572 1157715.7715771575 &
1157715.7715771575 1158115.811581158 1180518.0518051805 1180918.0918091808 1188918.891889189 &
1189318.9318931892 1221322.1322132212 1221722.1722172217 1223722.3722372237 1224122.412241224 &
1230923.092309231 1231323.1323132312 1257325.7325732573 1257725.7725772576 1273727.3727372736 &
1274127.412741274 1288928.892889289 1289328.9328932893 1342534.2534253425 1342934.2934293428 &
1373737.3737373736 1374137.4137413742 1387338.7338733873 1387738.7738773876 1409740.9740974098 &
1410141.01410141 1452945.294529453 1453345.3345334532 
SP5 2.750122016e-06 2.750122016e-06 2.815102605e-05 2.815102605e-05 5.6380782783268e-07 &
5.6380782783268e-07 3.2449259132610397e-07 3.2449259132610397e-07 1.259917702e-05 1.259917702e-05 &
2.187359401e-05 2.187359401e-05 3.4071707730441596e-06 3.4071707730441596e-06 7.393297518e-06 &
7.393297518e-06 4.78626644e-05 4.78626644e-05 1.8811311950000003e-06 1.8811311950000003e-06 &
3.0826810534779196e-06 3.0826810534779196e-06 1.6549138430937198e-05 1.6549138430937198e-05 &
1.0140375530441602e-07 1.0140375530441602e-07 2.27144718202944e-06 2.27144718202944e-06 &
5.029648088473999e-07 5.029648088473999e-07 2.8393089775368e-09 2.8393089775368e-09 &
8.680181364926398e-06 8.680181364926398e-06 3.13946531852208e-06 3.13946531852208e-06 &
3.69110645706428e-06 3.69110645706428e-06 1.6670805323842e-06 1.6670805323842e-06 &
8.7207210416732e-06 8.7207210416732e-06 4.2995270743841996e-06 4.2995270743841996e-06 &
4.11294404975368e-06 4.11294404975368e-06 1.4602180968474e-08 1.4602180968474e-08 &
1.5413405267389598e-08 1.5413405267389598e-08 6.4898422539892e-08 6.4898422539892e-08 &
7.057732767095199e-07 7.057732767095199e-07 3.97503256855152e-07 3.97503256855152e-07 &
2.3850204983842e-06 2.3850204983842e-06 4.05615978470952e-09 4.05615978470952e-09 &
2.55537807978312e-07 2.55537807978312e-07 4.948520872315999e-07 4.948520872315999e-07 &
4.05615978470952e-05 4.05615978470952e-05 4.05615978470952e-09 4.05615978470952e-09 &
6.8954783347792e-07 6.8954783347792e-07 4.867393656157999e-07 4.867393656157999e-07 &
8.9235630134004e-08 8.9235630134004e-08 1.8909820764474e-05 1.8909820764474e-05 &
3.147578040137879e-05 3.147578040137879e-05 2.51481925797056e-07 2.51481925797056e-07 &
1.32555170429156e-05 1.32555170429156e-05 1.7238647974283598e-06 1.7238647974283598e-06 &
7.58503574079e-07 7.58503574079e-07 1.5778453808768399e-06 1.5778453808768399e-06 &
2.96099501550736e-07 2.96099501550736e-07 2.55537807978312e-07 2.55537807978312e-07 &
8.2340056073896e-08 8.2340056073896e-08 4.54289915032532e-08 4.54289915032532e-08 &
3.40717077304416e-08 3.40717077304416e-08 
