ta181 (n,g) ta182
1.0000E-05  1.0000E+00  8.2489E+00
1.0000E+00  1.0000E+05  2.8389E+00
1.0000E+05  1.0000E+06  1.2576E-01
1.0000E+06  1.0000E+07  2.1239E-02
1.0000E+07  1.0000E+08  1.1875E-04

ta181 (n,g) ta182m
1.0000E-05  1.0000E+00  4.7993E+00
1.0000E+00  1.0000E+05  1.6522E+00
1.0000E+05  1.0000E+06  7.3015E-02
1.0000E+06  1.0000E+07  1.5042E-02
1.0000E+07  1.0000E+08  1.1351E-04

ta181 (n,g) ta182n
1.0000E-05  1.0000E+00  6.3846E-04
1.0000E+00  1.0000E+05  2.2471E-04
1.0000E+05  1.0000E+06  2.7528E-04
1.0000E+06  1.0000E+07  3.5683E-04
1.0000E+07  1.0000E+08  2.6771E-05